[array([[-0.59431248,  0.30004612, -0.74616687, -1.65206629],
       [ 0.52547792,  0.84723826, -0.07784792,  0.38286278],
       [ 0.60882315, -0.4383602 , -0.66119188,  2.75072473],
       [ 0.        ,  0.        ,  0.        ,  1.        ]])]
[array([[ 0.12261886, -0.97397556, -0.19062064, -1.8203388 ],
       [-0.94058719, -0.05276765, -0.33542707,  0.92141359],
       [ 0.31663916,  0.22042502, -0.92257924,  3.37503791],
       [ 0.        ,  0.        ,  0.        ,  1.        ]])]
[array([[-0.97195599, -0.08672642,  0.21858656,  0.2373697 ],
       [-0.18840147,  0.84344862, -0.50308977,  0.62694939],
       [-0.14073536, -0.53016314, -0.83613432,  2.14492892],
       [ 0.        ,  0.        ,  0.        ,  1.        ]])]
[array([[-0.23804042,  0.0034424 ,  0.97124915,  0.14390202],
       [-0.25697177,  0.9641353 , -0.06639759,  0.79016214],
       [-0.93664415, -0.26538892, -0.22861857,  2.31729402],
       [ 0.        ,  0.        ,  0.        ,  1.        ]])]
[array([[-0.9960671 , -0.08222638, -0.03300244,  0.20392947],
       [-0.0788677 ,  0.99256973, -0.09265649,  0.72490305],
       [ 0.04037603, -0.08968925, -0.99515105,  2.48539373],
       [ 0.        ,  0.        ,  0.        ,  1.        ]])]
[array([[-0.97697852, -0.09972297, -0.18859561,  0.15117404],
       [-0.03993169,  0.95387958, -0.29752177,  0.81898703],
       [ 0.20956726, -0.28314144, -0.93590197,  2.84715404],
       [ 0.        ,  0.        ,  0.        ,  1.        ]])]
[array([[-0.97174524, -0.07303637, -0.22444794,  0.04493288],
       [-0.02066912,  0.97359916, -0.22732678,  0.80214142],
       [ 0.23512545, -0.21626457, -0.94759995,  2.94249402],
       [ 0.        ,  0.        ,  0.        ,  1.        ]])]
[array([[-0.95233935, -0.14219123,  0.26987297,  0.03492004],
       [-0.15372041,  0.98787024, -0.02196411,  0.78091865],
       [-0.26347637, -0.06240227, -0.9626454 ,  2.864393  ],
       [ 0.        ,  0.        ,  0.        ,  1.        ]])]
[array([[-0.99793053, -0.01798973,  0.06173348, -0.29316794],
       [-0.06387642,  0.38752847, -0.91964204,  0.45263803],
       [-0.00737937, -0.92168219, -0.38787561,  5.35893896],
       [ 0.        ,  0.        ,  0.        ,  1.        ]])]
[array([[-0.98892225, -0.14560501,  0.02884389, -0.2704876 ],
       [-0.13426034,  0.96030747,  0.2445071 ,  1.13225421],
       [-0.06330046,  0.23792592, -0.9692184 ,  4.90655348],
       [ 0.        ,  0.        ,  0.        ,  1.        ]])]
[array([[-0.97956775, -0.06557188, -0.19012458, -0.11654971],
       [-0.00596613,  0.95441356, -0.29842781,  0.80192419],
       [ 0.20102594, -0.29119595, -0.93530395,  2.70532149],
       [ 0.        ,  0.        ,  0.        ,  1.        ]])]
[array([[-0.91655044, -0.05446769,  0.39619258, -0.11203606],
       [-0.19535087,  0.92542354, -0.32469878,  0.72646201],
       [-0.34896035, -0.37499938, -0.85883767,  2.42716423],
       [ 0.        ,  0.        ,  0.        ,  1.        ]])]
[array([[-0.99288808, -0.05404186, -0.10607891, -0.14090316],
       [-0.03230439,  0.97990228, -0.19684499,  0.6309714 ],
       [ 0.11458484, -0.19201823, -0.97467908,  2.01266425],
       [ 0.        ,  0.        ,  0.        ,  1.        ]])]
[array([[-0.99037314, -0.03616231,  0.13361639, -0.13073215],
       [-0.04803433,  0.9950737 , -0.08672395,  0.59696187],
       [-0.12982201, -0.09230724, -0.98723129,  1.88295285],
       [ 0.        ,  0.        ,  0.        ,  1.        ]])]
[array([[-0.96386227, -0.0820279 ,  0.25345799, -0.11657337],
       [-0.17614594,  0.90999126, -0.3753512 ,  0.58590435],
       [-0.19985528, -0.40643245, -0.89155512,  1.8030192 ],
       [ 0.        ,  0.        ,  0.        ,  1.        ]])]
[array([[-0.94335521, -0.06082186,  0.32616199, -0.1031561 ],
       [-0.14686768,  0.95804477, -0.24613024,  0.5217485 ],
       [-0.29750769, -0.2800909 , -0.9127093 ,  1.58226033],
       [ 0.        ,  0.        ,  0.        ,  1.        ]])]
[array([[-0.96373361, -0.03068917,  0.26509565, -0.10284392],
       [-0.12605872,  0.92790591, -0.35085585,  0.50752446],
       [-0.23521634, -0.37154919, -0.89812275,  1.5122455 ],
       [ 0.        ,  0.        ,  0.        ,  1.        ]])]
[array([[-0.98614976, -0.0739409 ,  0.14846341, -0.09815055],
       [-0.10650145,  0.96850514, -0.22506717,  0.48186677],
       [-0.12714591, -0.23776151, -0.96296593,  1.41768609],
       [ 0.        ,  0.        ,  0.        ,  1.        ]])]
[array([[-0.912683  , -0.0337119 ,  0.4072754 , -0.09464853],
       [-0.13643219,  0.96454992, -0.22589758,  0.45787427],
       [-0.38522202, -0.26173836, -0.8849277 ,  1.28599887],
       [ 0.        ,  0.        ,  0.        ,  1.        ]])]
[array([[-0.94287213, -0.03523711,  0.33128611, -0.09887031],
       [-0.11072734,  0.97100713, -0.2118599 ,  0.45146148],
       [-0.31421584, -0.23643922, -0.91943727,  1.22986728],
       [ 0.        ,  0.        ,  0.        ,  1.        ]])]
[array([[-0.98659047, -0.03933034,  0.15840571, -0.10167598],
       [-0.06477706,  0.98517712, -0.15883945,  0.43297249],
       [-0.14981048, -0.16697054, -0.97451406,  1.14988292],
       [ 0.        ,  0.        ,  0.        ,  1.        ]])]
[array([[-0.97621138, -0.05272543,  0.21031256, -0.09645526],
       [-0.12048847,  0.93834251, -0.32403064,  0.41126144],
       [-0.18026056, -0.34166263, -0.92237345,  1.0768574 ],
       [ 0.        ,  0.        ,  0.        ,  1.        ]])]
[array([[-0.98418996, -0.00544484,  0.17703244, -0.08711106],
       [-0.04180147,  0.97843162, -0.20229732,  0.39333397],
       [-0.17211266, -0.20649921, -0.96319017,  1.02133697],
       [ 0.        ,  0.        ,  0.        ,  1.        ]])]
[array([[-0.97346996, -0.02216795,  0.2277385 , -0.08424358],
       [-0.09768602,  0.94029831, -0.32603147,  0.38225614],
       [-0.20691468, -0.33962871, -0.91751766,  0.98828562],
       [ 0.        ,  0.        ,  0.        ,  1.        ]])]
[array([[-0.99759503, -0.02442777, -0.06486481, -0.07268472],
       [ 0.0105616 ,  0.87133559, -0.49057389,  0.38017039],
       [ 0.06850265, -0.49007915, -0.86898206,  0.94769763],
       [ 0.        ,  0.        ,  0.        ,  1.        ]])]
[array([[-0.99218784, -0.05484086,  0.11205258, -0.06477538],
       [-0.07525391,  0.97947883, -0.18697077,  0.37760144],
       [-0.09949949, -0.19394252, -0.97595397,  0.9185827 ],
       [ 0.        ,  0.        ,  0.        ,  1.        ]])]
[array([[-0.99733039, -0.04373081, -0.05847821, -0.06273259],
       [-0.00485682,  0.83879286, -0.54442901,  0.38438575],
       [ 0.07285943, -0.54269158, -0.83676601,  0.91999231],
       [ 0.        ,  0.        ,  0.        ,  1.        ]])]
[array([[-0.95348489, -0.09897624,  0.2847284 , -0.06584544],
       [-0.18042389,  0.94406504, -0.27602249,  0.3973503 ],
       [-0.24148246, -0.31455508, -0.91800944,  0.9341005 ],
       [ 0.        ,  0.        ,  0.        ,  1.        ]])]
[array([[-0.97334812, -0.08832838,  0.2116401 , -0.08260342],
       [-0.15188865,  0.93972246, -0.30635199,  0.40814763],
       [-0.17182338, -0.33033286, -0.92809317,  0.99454658],
       [ 0.        ,  0.        ,  0.        ,  1.        ]])]
[array([[-0.93158543, -0.06201834,  0.35819312, -0.11615376],
       [-0.13903744,  0.97120832, -0.1934502 ,  0.39344899],
       [-0.33588268, -0.23001764, -0.9133864 ,  1.07988618],
       [ 0.        ,  0.        ,  0.        ,  1.        ]])]
[array([[-0.99956378, -0.02950875,  0.00121449, -0.14107931],
       [-0.0286652 ,  0.95944812, -0.28042398,  0.40256736],
       [ 0.00710972, -0.28033647, -0.95987547,  1.14726857],
       [ 0.        ,  0.        ,  0.        ,  1.        ]])]
[array([[-0.91697835, -0.08075811,  0.3906774 , -0.15542279],
       [-0.16847385,  0.96607728, -0.19573259,  0.39541094],
       [-0.36161756, -0.24530147, -0.89947758,  1.16287577],
       [ 0.        ,  0.        ,  0.        ,  1.        ]])]
[array([[-0.97661918, -0.05425486,  0.20801774, -0.15570987],
       [-0.07111164,  0.99468769, -0.07442804,  0.43022486],
       [-0.2028746 , -0.08748034, -0.97528923,  1.22499789],
       [ 0.        ,  0.        ,  0.        ,  1.        ]])]
[array([[-0.974203  , -0.06322443,  0.21663607, -0.15041455],
       [-0.10513066,  0.97657264, -0.18775894,  0.46028369],
       [-0.1996899 , -0.20569042, -0.95802682,  1.2353607 ],
       [ 0.        ,  0.        ,  0.        ,  1.        ]])]
[array([[-0.9921502 ,  0.0083881 ,  0.12477029, -0.13493908],
       [-0.06188581,  0.83406922, -0.5481776 ,  0.50473588],
       [-0.10866523, -0.55159602, -0.82700284,  1.22899283],
       [ 0.        ,  0.        ,  0.        ,  1.        ]])]
[array([[-0.99289539,  0.00287923, -0.11895571, -0.12583973],
       [ 0.04373803,  0.93855243, -0.34235409,  0.51958737],
       [ 0.11066046, -0.34512468, -0.93201031,  1.21811776],
       [ 0.        ,  0.        ,  0.        ,  1.        ]])]
[array([[-0.999961  , -0.00537108,  0.00701123, -0.12005182],
       [-0.00706129,  0.9630114 , -0.26936811,  0.54589027],
       [-0.0053051 , -0.26940711, -0.96301177,  1.2391307 ],
       [ 0.        ,  0.        ,  0.        ,  1.        ]])]
[array([[-0.99275406,  0.04368956, -0.11194013, -0.11425354],
       [ 0.08910347,  0.89266673, -0.44182199,  0.55705628],
       [ 0.08062222, -0.44859483, -0.89009142,  1.21317814],
       [ 0.        ,  0.        ,  0.        ,  1.        ]])]
[array([[-0.99846815,  0.0343254 , -0.04339489, -0.10971483],
       [ 0.04771219,  0.93128288, -0.36115889,  0.59069599],
       [ 0.028016  , -0.36267611, -0.93149404,  1.21412996],
       [ 0.        ,  0.        ,  0.        ,  1.        ]])]
[array([[-0.99914184,  0.02441425,  0.03345924, -0.10763379],
       [ 0.01522851,  0.96776263, -0.25140323,  0.61895748],
       [-0.03851842, -0.25067795, -0.96730393,  1.21393689],
       [ 0.        ,  0.        ,  0.        ,  1.        ]])]
[array([[-0.97638598, -0.03291557,  0.21351108, -0.11069349],
       [-0.06857315,  0.98443465, -0.1618213 ,  0.61138859],
       [-0.20486127, -0.17264118, -0.96344532,  1.1790643 ],
       [ 0.        ,  0.        ,  0.        ,  1.        ]])]
[array([[-0.96709451, -0.00805559,  0.25428984, -0.12395172],
       [-0.12721055,  0.8808977 , -0.45589113,  0.60885205],
       [-0.22033086, -0.47323816, -0.85293608,  1.22508778],
       [ 0.        ,  0.        ,  0.        ,  1.        ]])]
[array([[-0.99552682, -0.03725331, -0.08682475, -0.12649419],
       [ 0.02511547,  0.78156793, -0.62331435,  0.58333927],
       [ 0.09107996, -0.6227068 , -0.77713621,  1.20355852],
       [ 0.        ,  0.        ,  0.        ,  1.        ]])]
[array([[-0.98334362, -0.06238078,  0.17071604, -0.1289687 ],
       [-0.10307755,  0.96500612, -0.24111867,  0.56806709],
       [-0.14970085, -0.2546995 , -0.95536266,  1.20224539],
       [ 0.        ,  0.        ,  0.        ,  1.        ]])]
[array([[-0.99686953, -0.0495774 ,  0.06158921, -0.13230177],
       [-0.05938874,  0.98376439, -0.16935347,  0.54677515],
       [-0.05219317, -0.17248102, -0.98362908,  1.19342224],
       [ 0.        ,  0.        ,  0.        ,  1.        ]])]
[array([[-9.83908692e-01, -3.58034828e-05,  1.78672004e-01,
        -1.40398303e-01],
       [-6.16242821e-04,  9.99994712e-01, -3.19313245e-03,
         5.43045075e-01],
       [-1.78670945e-01, -3.25185611e-03, -9.83903511e-01,
         1.23759182e+00],
       [ 0.00000000e+00,  0.00000000e+00,  0.00000000e+00,
         1.00000000e+00]])]
[array([[-0.99877663,  0.03010542,  0.03922894, -0.13908733],
       [ 0.00128708,  0.80887248, -0.5879827 ,  0.51215875],
       [-0.04943268, -0.58721288, -0.80792168,  1.20570335],
       [ 0.        ,  0.        ,  0.        ,  1.        ]])]
[array([[-0.97381691, -0.0132432 ,  0.22694765, -0.13791945],
       [-0.05402132,  0.9831867 , -0.1744294 ,  0.49388549],
       [-0.22082191, -0.18212231, -0.95815925,  1.20253775],
       [ 0.        ,  0.        ,  0.        ,  1.        ]])]
[array([[-0.98786336, -0.02138735,  0.15384591, -0.14170364],
       [-0.03951857,  0.99248845, -0.1157798 ,  0.48481583],
       [-0.15021406, -0.12045439, -0.98128817,  1.21525237],
       [ 0.        ,  0.        ,  0.        ,  1.        ]])]
[array([[-0.99989385, -0.01399667,  0.00404824, -0.14800057],
       [-0.01431077,  0.89120134, -0.45338214,  0.46245553],
       [ 0.00273805, -0.45339195, -0.89130704,  1.21627653],
       [ 0.        ,  0.        ,  0.        ,  1.        ]])]
[array([[-0.99850451,  0.01088849,  0.05357401, -0.15022496],
       [-0.01699355,  0.86960096, -0.49346266,  0.43747617],
       [-0.05196108, -0.4936351 , -0.86811545,  1.20228011],
       [ 0.        ,  0.        ,  0.        ,  1.        ]])]
[array([[-0.94537744, -0.02874117,  0.32470823, -0.15016825],
       [-0.12207508,  0.95483509, -0.2709015 ,  0.41772806],
       [-0.30225678, -0.29574295, -0.90618814,  1.20475255],
       [ 0.        ,  0.        ,  0.        ,  1.        ]])]
[array([[-0.98717823, -0.00206234,  0.15960853, -0.15031149],
       [-0.01903991,  0.994299  , -0.10491418,  0.40050637],
       [-0.15848223, -0.10660793, -0.98158959,  1.21458079],
       [ 0.        ,  0.        ,  0.        ,  1.        ]])]
[array([[-0.99513692,  0.03288711, -0.09284906, -0.15311737],
       [ 0.05464153,  0.96859639, -0.24255995,  0.36560576],
       [ 0.08195617, -0.24645378, -0.96568303,  1.2162442 ],
       [ 0.        ,  0.        ,  0.        ,  1.        ]])]
[array([[-0.96672947,  0.03045563,  0.25398146, -0.15794877],
       [-0.02461383,  0.97720483, -0.21086699,  0.34477893],
       [-0.25461399, -0.21010279, -0.94394308,  1.24339299],
       [ 0.        ,  0.        ,  0.        ,  1.        ]])]
[array([[-0.9751447 ,  0.07140716, -0.20974707, -0.1495818 ],
       [ 0.16859893,  0.85335041, -0.49332289,  0.290027  ],
       [ 0.14376096, -0.51642434, -0.8441793 ,  1.15973256],
       [ 0.        ,  0.        ,  0.        ,  1.        ]])]
[array([[-0.99947602,  0.0261975 , -0.01900999, -0.16805885],
       [ 0.02862641,  0.98953887, -0.14139784,  0.28324644],
       [ 0.01510685, -0.14186793, -0.98977031,  1.24835963],
       [ 0.        ,  0.        ,  0.        ,  1.        ]])]
[array([[-0.9943915 ,  0.021535  ,  0.10354603, -0.17800174],
       [ 0.01534026,  0.99806516, -0.06025451,  0.25296781],
       [-0.10464327, -0.05832815, -0.99279787,  1.26910923],
       [ 0.        ,  0.        ,  0.        ,  1.        ]])]
[array([[-0.99971811,  0.01826344,  0.01517091, -0.17925531],
       [ 0.01758891,  0.9989001 , -0.04346508,  0.21327229],
       [-0.01594804, -0.04318599, -0.99893975,  1.26375193],
       [ 0.        ,  0.        ,  0.        ,  1.        ]])]
[array([[-9.97210557e-01, -1.08792015e-03,  7.46319105e-02,
        -1.82997894e-01],
       [ 7.08274952e-03,  9.94002535e-01,  1.09127422e-01,
         1.97607949e-01],
       [-7.43030302e-02,  1.09351616e-01, -9.91222116e-01,
         1.27401561e+00],
       [ 0.00000000e+00,  0.00000000e+00,  0.00000000e+00,
         1.00000000e+00]])]
[array([[-0.99948472,  0.00780979, -0.03113367, -0.17255314],
       [ 0.02212144,  0.87041342, -0.49182427,  0.1810157 ],
       [ 0.02325812, -0.49225957, -0.87013768,  1.19646281],
       [ 0.        ,  0.        ,  0.        ,  1.        ]])]
[array([[-0.95795602,  0.07736896,  0.27628665, -0.18660451],
       [-0.01105617,  0.95228663, -0.30500481,  0.19876455],
       [-0.28670199, -0.29523586, -0.9113933 ,  1.32629735],
       [ 0.        ,  0.        ,  0.        ,  1.        ]])]
[array([[-0.99931694,  0.0197032 ,  0.03126405, -0.17845405],
       [ 0.01102458,  0.96643405, -0.25667818,  0.18984971],
       [-0.03527203, -0.25615818, -0.96599113,  1.27093472],
       [ 0.        ,  0.        ,  0.        ,  1.        ]])]
[array([[-0.99648403, -0.06089279,  0.05754689, -0.17235774],
       [-0.0565943 ,  0.99568192,  0.07358402,  0.22140102],
       [-0.06177914,  0.07006848, -0.99562731,  1.27176861],
       [ 0.        ,  0.        ,  0.        ,  1.        ]]), array([[-0.59431248,  0.30004612, -0.74616687, -1.65206629],
       [ 0.52547792,  0.84723826, -0.07784792,  0.38286278],
       [ 0.60882315, -0.4383602 , -0.66119188,  2.75072473],
       [ 0.        ,  0.        ,  0.        ,  1.        ]])]
[array([[-0.95301131, -0.02609153,  0.301809  , -0.1663415 ],
       [-0.12091761,  0.94624013, -0.30001424,  0.26317373],
       [-0.27775596, -0.32241099, -0.90493247,  1.26810325],
       [ 0.        ,  0.        ,  0.        ,  1.        ]])]
[array([[-0.9350915 , -0.0989417 ,  0.3403152 , -0.15467603],
       [-0.15285171,  0.97893186, -0.13538376,  0.31008503],
       [-0.31975029, -0.17861396, -0.93051427,  1.22456507],
       [ 0.        ,  0.        ,  0.        ,  1.        ]])]
[array([[-0.98721614, -0.05949719, -0.14786605, -0.14296119],
       [-0.04106428,  0.99134113, -0.12472566,  0.35045508],
       [ 0.15400653, -0.11705918, -0.98111118,  1.18163292],
       [ 0.        ,  0.        ,  0.        ,  1.        ]])]
[array([[-0.96914347, -0.00839167,  0.24635445, -0.14720149],
       [-0.05230274,  0.98366394, -0.17224886,  0.44602567],
       [-0.24088453, -0.17981887, -0.9537504 ,  1.3078133 ],
       [ 0.        ,  0.        ,  0.        ,  1.        ]])]
[array([[-0.99328985, -0.00225932, -0.11562944, -0.11074038],
       [ 0.04628499,  0.90848231, -0.41535238,  0.46582974],
       [ 0.10598571, -0.41791721, -0.90228168,  1.22430679],
       [ 0.        ,  0.        ,  0.        ,  1.        ]])]
[array([[-0.98679167, -0.0104563 ,  0.16165666, -0.10690996],
       [-0.03492506,  0.98817895, -0.14927359,  0.46759149],
       [-0.15818486, -0.1529478 , -0.97549194,  1.22227878],
       [ 0.        ,  0.        ,  0.        ,  1.        ]])]
[array([[-0.98518023,  0.00166015,  0.17151434, -0.10998957],
       [-0.01849737,  0.99309312, -0.11586156,  0.48812102],
       [-0.17052205, -0.11731708, -0.978345  ,  1.28231715],
       [ 0.        ,  0.        ,  0.        ,  1.        ]])]
[array([[-0.93793805, -0.03523175,  0.34500861, -0.10383246],
       [-0.11719119,  0.96850464, -0.21969296,  0.46331689],
       [-0.32640228, -0.24649036, -0.9125262 ,  1.22139951],
       [ 0.        ,  0.        ,  0.        ,  1.        ]])]
[array([[-0.93148871, -0.00746384,  0.36369365, -0.13539406],
       [-0.08383759,  0.97727971, -0.19466799,  0.49166644],
       [-0.35397745, -0.21182224, -0.91095077,  1.30707596],
       [ 0.        ,  0.        ,  0.        ,  1.        ]])]
[array([[-0.99910639,  0.0108853 ,  0.04084033, -0.68566662],
       [ 0.00154882,  0.97504713, -0.22199255,  0.50190989],
       [-0.0422377 , -0.22173092, -0.97419268,  1.21528187],
       [ 0.        ,  0.        ,  0.        ,  1.        ]])]
[array([[-0.49078171,  0.03392047,  0.87062203, -0.74486659],
       [-0.34918197,  0.90782765, -0.23220876,  0.52936528],
       [-0.79825138, -0.41796932, -0.43370079,  1.28522547],
       [ 0.        ,  0.        ,  0.        ,  1.        ]])]
[array([[-0.99705485,  0.02351898, -0.07299648, -0.71815243],
       [ 0.04080186,  0.96860542, -0.24523205,  0.5011109 ],
       [ 0.06493717, -0.2474882 , -0.96671234,  1.20752679],
       [ 0.        ,  0.        ,  0.        ,  1.        ]])]
[array([[-0.97683276, -0.09659685,  0.19096283, -0.08361403],
       [-0.1766366 ,  0.86771095, -0.46462589,  0.55637298],
       [-0.12081914, -0.48759282, -0.86467102,  1.38431426],
       [ 0.        ,  0.        ,  0.        ,  1.        ]])]
[array([[-0.9617775 , -0.11876892,  0.24673465, -0.10566016],
       [-0.1692579 ,  0.96614822, -0.19470331,  0.49362441],
       [-0.21525755, -0.22902305, -0.9493222 ,  1.20830168],
       [ 0.        ,  0.        ,  0.        ,  1.        ]])]
[array([[-0.93981515, -0.06928736,  0.33458444, -0.10517699],
       [-0.18114467,  0.93132103, -0.31595531,  0.4779914 ],
       [-0.28971381, -0.35754777, -0.88782064,  1.11275264],
       [ 0.        ,  0.        ,  0.        ,  1.        ]])]
[array([[-0.98302345, -0.07026479, -0.16949265, -0.1104667 ],
       [ 0.01785806,  0.88274037, -0.46952159,  0.47186605],
       [ 0.18260884, -0.46457754, -0.86649969,  1.04910783],
       [ 0.        ,  0.        ,  0.        ,  1.        ]])]
[array([[-0.99630033,  0.0610465 ,  0.06048944, -0.12764818],
       [-0.00393394,  0.67072457, -0.74169608,  0.44456726],
       [-0.0858497 , -0.73919001, -0.66800296,  0.88168018],
       [ 0.        ,  0.        ,  0.        ,  1.        ]])]
