[array([[-0.95891535,  0.08802018,  0.26969205, -0.01803049],
       [ 0.04577749,  0.98620013, -0.15910286, -0.0977921 ],
       [-0.2799746 , -0.14022035, -0.94971179,  0.44841146],
       [ 0.        ,  0.        ,  0.        ,  1.        ]])]
[array([[-0.96054517,  0.04555729,  0.27436748, -0.02420038],
       [-0.01228741,  0.97857883, -0.20550545, -0.01729521],
       [-0.27785248, -0.20076854, -0.93940939,  0.42109951],
       [ 0.        ,  0.        ,  0.        ,  1.        ]])]
[array([[-0.94284363,  0.03348153,  0.33154921, -0.03088305],
       [-0.0451373 ,  0.97293875, -0.2266116 ,  0.04128644],
       [-0.33016438, -0.22862454, -0.91581783,  0.40412908],
       [ 0.        ,  0.        ,  0.        ,  1.        ]])]
[array([[-0.94466311,  0.02685221,  0.32694123, -0.02531958],
       [-0.07245753,  0.95494858, -0.28779005,  0.07413581],
       [-0.31993986, -0.295554  , -0.90015905,  0.40270312],
       [ 0.        ,  0.        ,  0.        ,  1.        ]])]
[array([[-0.96014275,  0.00188024,  0.27950379, -0.01238657],
       [-0.06974104,  0.96673833, -0.24607557,  0.11387987],
       [-0.2706697 , -0.25576056, -0.92807567,  0.39943546],
       [ 0.        ,  0.        ,  0.        ,  1.        ]])]
[array([[-0.95618604, -0.01157816,  0.29253067, -0.00666253],
       [-0.07029742,  0.97906406, -0.19102836,  0.12665765],
       [-0.28419451, -0.20322281, -0.93698131,  0.38364084],
       [ 0.        ,  0.        ,  0.        ,  1.        ]])]
[array([[-0.97664843,  0.03161925,  0.21250426, -0.00819473],
       [-0.01380535,  0.97783041, -0.20894282,  0.13547669],
       [-0.21439975, -0.20699737, -0.95456002,  0.38938316],
       [ 0.        ,  0.        ,  0.        ,  1.        ]])]
[array([[-0.97276987,  0.0269467 ,  0.23020132, -0.03776341],
       [-0.00868958,  0.98827992, -0.15240505,  0.18324902],
       [-0.23161016, -0.15025539, -0.96113477,  0.49647156],
       [ 0.        ,  0.        ,  0.        ,  1.        ]])]
[array([[-0.96428412,  0.01388777,  0.2645057 , -0.0505881 ],
       [-0.05626062,  0.96509754, -0.25577625,  0.18083439],
       [-0.25882596, -0.26152223, -0.9298469 ,  0.47527998],
       [ 0.        ,  0.        ,  0.        ,  1.        ]])]
[array([[-0.99752597,  0.02731972, -0.06477329, -0.06719484],
       [ 0.06174794,  0.78093055, -0.62155826,  0.19652418],
       [ 0.03360265, -0.62402012, -0.78068544,  0.49233717],
       [ 0.        ,  0.        ,  0.        ,  1.        ]])]
[array([[-0.96227564,  0.06363363, -0.26453043, -0.08357905],
       [ 0.18637141,  0.86250445, -0.47048036,  0.21120763],
       [ 0.1982203 , -0.5020327 , -0.84182651,  0.50532231],
       [ 0.        ,  0.        ,  0.        ,  1.        ]])]
[array([[-0.99717533, -0.01657829,  0.07325656, -0.08594758],
       [-0.03627335,  0.9603508 , -0.27642463,  0.25805271],
       [-0.06576935, -0.27830108, -0.95823948,  0.54773373],
       [ 0.        ,  0.        ,  0.        ,  1.        ]])]
[array([[-0.99865958, -0.04384501,  0.02750736, -0.08112828],
       [-0.05011588,  0.95195494, -0.30210955,  0.3259241 ],
       [-0.01293977, -0.30308315, -0.95287626,  0.69149959],
       [ 0.        ,  0.        ,  0.        ,  1.        ]])]
[array([[-0.99477603, -0.02696018, -0.09845706, -0.07125331],
       [ 0.020526  ,  0.89196802, -0.4516323 ,  0.33109294],
       [ 0.09999664, -0.45129392, -0.88675502,  0.72828247],
       [ 0.        ,  0.        ,  0.        ,  1.        ]])]
[array([[-0.99752446, -0.04367857,  0.05511021, -0.07417982],
       [-0.05853188,  0.95008484, -0.30645199,  0.34237761],
       [-0.03897399, -0.30891906, -0.95028945,  0.79481014],
       [ 0.        ,  0.        ,  0.        ,  1.        ]])]
[array([[-0.99015429, -0.06396121,  0.12451284, -0.08499853],
       [-0.08989662,  0.97238547, -0.21537198,  0.34494052],
       [-0.10729903, -0.22444477, -0.96856154,  0.86372321],
       [ 0.        ,  0.        ,  0.        ,  1.        ]])]
[array([[-0.98112441,  0.00241022,  0.19336255, -0.10541716],
       [-0.09975285,  0.85030736, -0.51674633,  0.36115614],
       [-0.16566307, -0.5262809 , -0.83401688,  0.94465692],
       [ 0.        ,  0.        ,  0.        ,  1.        ]])]
[array([[-0.9961728 , -0.02526404, -0.0836749 , -0.10458437],
       [ 0.00186346,  0.95095969, -0.30930922,  0.3918726 ],
       [ 0.08738586, -0.30828135, -0.9472731 ,  1.03669369],
       [ 0.        ,  0.        ,  0.        ,  1.        ]])]
[array([[-0.98943085, -0.07841113,  0.12197657, -0.10133175],
       [-0.08266282,  0.99612024, -0.03018804,  0.40517062],
       [-0.11913625, -0.03995191, -0.99207379,  1.12227738],
       [ 0.        ,  0.        ,  0.        ,  1.        ]])]
[array([[-0.99399   , -0.03794903,  0.10268281, -0.09973947],
       [-0.03125542,  0.99732806,  0.06602914,  0.38983441],
       [-0.10491419,  0.06242291, -0.99252022,  1.22712019],
       [ 0.        ,  0.        ,  0.        ,  1.        ]])]
[array([[-0.99167342, -0.02678865,  0.1259611 , -0.11727561],
       [-0.03613049,  0.99671561, -0.07247463,  0.3789406 ],
       [-0.12360589, -0.0764222 , -0.98938427,  1.36543132],
       [ 0.        ,  0.        ,  0.        ,  1.        ]])]
[array([[-0.98473256, -0.03517149,  0.17048385, -0.13524892],
       [-0.04328418,  0.99808882, -0.0441043 ,  0.39605257],
       [-0.16860681, -0.05081019, -0.98437293,  1.46827887],
       [ 0.        ,  0.        ,  0.        ,  1.        ]])]
[array([[-0.95853817, -0.07327539,  0.27538208, -0.15541759],
       [-0.09473309,  0.99335043, -0.06542598,  0.43549529],
       [-0.2687568 , -0.0888011 , -0.95910591,  1.55861634],
       [ 0.        ,  0.        ,  0.        ,  1.        ]])]
[array([[-0.97523229, -0.08945072,  0.2022883 , -0.18501498],
       [-0.16091778,  0.9144057 , -0.37144001,  0.4880424 ],
       [-0.151748  , -0.39479208, -0.90615217,  1.70528447],
       [ 0.        ,  0.        ,  0.        ,  1.        ]])]
[array([[-0.98934463, -0.08008594, -0.12158718, -0.19606201],
       [-0.03325633,  0.93734911, -0.34680062,  0.51772884],
       [ 0.14174349, -0.33906179, -0.93002467,  1.79461585],
       [ 0.        ,  0.        ,  0.        ,  1.        ]])]
[array([[-0.98859046, -0.0571318 , -0.13937308, -0.17803221],
       [-0.00986073,  0.94783964, -0.31859501,  0.49120831],
       [ 0.15030523, -0.31358567, -0.93758859,  1.76263657],
       [ 0.        ,  0.        ,  0.        ,  1.        ]])]
[array([[-0.99041311, -0.04058266, -0.13204139, -0.15497861],
       [ 0.00255466,  0.95032692, -0.31124303,  0.51982964],
       [ 0.13811355, -0.3085965 , -0.94111256,  1.91055491],
       [ 0.        ,  0.        ,  0.        ,  1.        ]])]
[array([[-0.95455841, -0.07808801,  0.28761174, -0.13810356],
       [-0.14740244,  0.96246187, -0.22790277,  0.58852157],
       [-0.25901886, -0.25994117, -0.93023643,  2.17853539],
       [ 0.        ,  0.        ,  0.        ,  1.        ]])]
[array([[-0.99351439,  0.00878686, -0.11336643, -0.19722356],
       [ 0.04217971,  0.95435489, -0.29568161,  0.6049335 ],
       [ 0.10559369, -0.2985457 , -0.94853594,  2.41113418],
       [ 0.        ,  0.        ,  0.        ,  1.        ]])]
[array([[-0.92123067, -0.0044582 ,  0.38899122, -0.16075165],
       [-0.04267038,  0.99505884, -0.08965008,  0.60546979],
       [-0.38666948, -0.0991868 , -0.91686896,  2.66702446],
       [ 0.        ,  0.        ,  0.        ,  1.        ]])]
[array([[-0.99732015, -0.01551599,  0.07149673, -0.15874094],
       [-0.00693986,  0.99290918,  0.11867264,  0.64337187],
       [-0.07283108,  0.11785843, -0.99035601,  2.82723414],
       [ 0.        ,  0.        ,  0.        ,  1.        ]])]
[array([[ 0.81897885, -0.23711533, -0.52254184, -0.15693388],
       [-0.51158797,  0.11074532, -0.8520641 ,  0.10239676],
       [ 0.25990652,  0.96514859, -0.03060727,  0.2080974 ],
       [ 0.        ,  0.        ,  0.        ,  1.        ]])]
[array([[-0.99481501,  0.00691275, -0.10146579, -0.23016303],
       [ 0.03393648,  0.96306682, -0.26711537,  0.7356704 ],
       [ 0.09587184, -0.26917377, -0.95830792,  3.24726335],
       [ 0.        ,  0.        ,  0.        ,  1.        ]])]
[array([[-9.99870255e-01,  4.34311350e-03, -1.55116126e-02,
         3.41379734e-02],
       [ 6.45097460e-04,  9.72990102e-01,  2.30845934e-01,
         9.68801766e-01],
       [ 1.60952356e-02,  2.30805976e-01, -9.72866663e-01,
         4.40994704e+00],
       [ 0.00000000e+00,  0.00000000e+00,  0.00000000e+00,
         1.00000000e+00]])]
[array([[-0.83504566, -0.54383015,  0.08335169, -0.58857839],
       [-0.11867851,  0.03011496, -0.99247594,  0.11351011],
       [ 0.53722821, -0.83865479, -0.08968832,  0.91654626],
       [ 0.        ,  0.        ,  0.        ,  1.        ]])]
[array([[-0.83001753,  0.55772286,  0.00401438, -0.15885869],
       [ 0.06063749,  0.09739254, -0.99339709,  0.11329185],
       [-0.55443124, -0.82429358, -0.11465643,  2.28472775],
       [ 0.        ,  0.        ,  0.        ,  1.        ]])]
[array([[-0.98539772,  0.04236019, -0.16491497, -0.02290276],
       [ 0.11994553,  0.86013562, -0.49576182,  0.89038474],
       [ 0.12084867, -0.50830338, -0.8526566 ,  3.076691  ],
       [ 0.        ,  0.        ,  0.        ,  1.        ]])]
[array([[-0.9808007 ,  0.09015432,  0.17292249, -0.14637023],
       [ 0.06523855,  0.98731981, -0.1447188 ,  0.66232607],
       [-0.18377683, -0.13065908, -0.97424549,  1.90195765],
       [ 0.        ,  0.        ,  0.        ,  1.        ]])]
[array([[-0.98340273,  0.16355543,  0.07854102, -0.15738207],
       [ 0.09204173,  0.82275949, -0.56088782,  0.61960602],
       [-0.15635662, -0.54434956, -0.82415785,  1.72251111],
       [ 0.        ,  0.        ,  0.        ,  1.        ]])]
[array([[-0.99192039,  0.09206426,  0.08728181, -0.13449047],
       [ 0.08259038,  0.99087034, -0.10655893,  0.587794  ],
       [-0.09629523, -0.09848933, -0.99046811,  1.61468119],
       [ 0.        ,  0.        ,  0.        ,  1.        ]])]
[array([[-0.96563793,  0.10550639,  0.23751167, -0.10264238],
       [ 0.0811702 ,  0.99060782, -0.11003428,  0.54923696],
       [-0.24689024, -0.08697441, -0.96513246,  1.49749179],
       [ 0.        ,  0.        ,  0.        ,  1.        ]])]
[array([[-0.97341961,  0.17078826,  0.15259634, -0.08610706],
       [ 0.15688459,  0.98264115, -0.09901308,  0.51714889],
       [-0.16685771, -0.07244126, -0.98331621,  1.38500953],
       [ 0.        ,  0.        ,  0.        ,  1.        ]])]
[array([[-0.95730444,  0.09237721,  0.27392455, -0.10992733],
       [ 0.05171837,  0.98700934, -0.15211106,  0.51304798],
       [-0.28441768, -0.13144966, -0.94964602,  1.32273527],
       [ 0.        ,  0.        ,  0.        ,  1.        ]])]
[array([[-0.92138311,  0.11907234,  0.36996613, -0.12779098],
       [ 0.06925412,  0.98697832, -0.1451815 ,  0.50790684],
       [-0.38243565, -0.1081461 , -0.9176314 ,  1.28136513],
       [ 0.        ,  0.        ,  0.        ,  1.        ]])]
[array([[-0.93421048,  0.08660097,  0.34605065, -0.14694845],
       [ 0.00528114,  0.97333555, -0.22932512,  0.48448438],
       [-0.35668318, -0.21241039, -0.90975763,  1.21627431],
       [ 0.        ,  0.        ,  0.        ,  1.        ]])]
[array([[-0.98680393,  0.06018323, -0.15031961, -0.13157821],
       [ 0.11668697,  0.90795261, -0.40249996,  0.49602342],
       [ 0.11225933, -0.41472888, -0.9029938 ,  1.23590254],
       [ 0.        ,  0.        ,  0.        ,  1.        ]])]
[array([[-0.87281294, -0.06741221, -0.48337683,  0.23167288],
       [ 0.21508489,  0.83592216, -0.50494814,  0.59032141],
       [ 0.43810507, -0.54469233, -0.71510434,  1.31431796],
       [ 0.        ,  0.        ,  0.        ,  1.        ]])]
[array([[-0.96297206, -0.00634979,  0.26952642,  0.28364282],
       [-0.06862169,  0.97256938, -0.2222608 ,  0.62035065],
       [-0.26072184, -0.2325263 , -0.93699287,  1.34070354],
       [ 0.        ,  0.        ,  0.        ,  1.        ]])]
[array([[-0.96549618,  0.00990184,  0.26022891,  0.32204615],
       [-0.03827994,  0.98302568, -0.17943011,  0.61370999],
       [-0.25758839, -0.18320063, -0.94872849,  1.31369917],
       [ 0.        ,  0.        ,  0.        ,  1.        ]])]
[array([[-9.34869596e-01,  5.12059223e-04,  3.54990952e-01,
         3.32154254e-01],
       [-8.61692598e-02,  9.69763982e-01, -2.28325813e-01,
         6.03724989e-01],
       [-3.44374356e-01, -2.44044168e-01, -9.06558739e-01,
         1.26956329e+00],
       [ 0.00000000e+00,  0.00000000e+00,  0.00000000e+00,
         1.00000000e+00]])]
[array([[-0.94277403,  0.011547  ,  0.33323235,  0.37409985],
       [-0.05936181,  0.97762179, -0.20182125,  0.63955557],
       [-0.32810563, -0.2100531 , -0.92099098,  1.32129606],
       [ 0.        ,  0.        ,  0.        ,  1.        ]])]
[array([[-0.95878032,  0.06393263,  0.27686262,  0.39797267],
       [-0.00757719,  0.96826035, -0.2498289 ,  0.67988575],
       [-0.28404732, -0.24162887, -0.92786454,  1.40257749],
       [ 0.        ,  0.        ,  0.        ,  1.        ]])]
[array([[-0.70485098, -0.08358245, -0.70441399,  0.34206344],
       [ 0.34757957,  0.82495876, -0.44568092,  0.61130587],
       [ 0.61836359, -0.55897855, -0.55242144,  1.30247703],
       [ 0.        ,  0.        ,  0.        ,  1.        ]])]
[array([[-0.93788868,  0.06984151, -0.33983377,  0.10100478],
       [ 0.2467039 ,  0.82296261, -0.51173208,  0.52043521],
       [ 0.24393034, -0.56378604, -0.78907749,  1.31691066],
       [ 0.        ,  0.        ,  0.        ,  1.        ]])]
[array([[-0.97921659,  0.11052551,  0.17005584,  0.05741153],
       [ 0.06316192,  0.9629551 , -0.26216036,  0.51870233],
       [-0.19273154, -0.24597071, -0.94992261,  1.31626508],
       [ 0.        ,  0.        ,  0.        ,  1.        ]])]
[array([[-0.9751245 ,  0.07271672,  0.20939077,  0.02496672],
       [ 0.03684688,  0.98469155, -0.17036684,  0.50680016],
       [-0.21857384, -0.15841348, -0.96287624,  1.2727667 ],
       [ 0.        ,  0.        ,  0.        ,  1.        ]])]
[array([[-0.98180886,  0.10504899, -0.15816472, -0.00759574],
       [ 0.16874101,  0.86465454, -0.47317966,  0.51353749],
       [ 0.0870508 , -0.49126086, -0.86665156,  1.28714143],
       [ 0.        ,  0.        ,  0.        ,  1.        ]])]
[array([[-0.96194928,  0.06703179,  0.26487793, -0.03052593],
       [ 0.00993816,  0.97738142, -0.21125057,  0.50204393],
       [-0.27304727, -0.20057993, -0.94085752,  1.2671571 ],
       [ 0.        ,  0.        ,  0.        ,  1.        ]])]
[array([[-0.9740489 ,  0.07782945,  0.21253543, -0.06157009],
       [ 0.04027969,  0.98363696, -0.1756015 ,  0.49213125],
       [-0.22272467, -0.16248358, -0.96124545,  1.26486785],
       [ 0.        ,  0.        ,  0.        ,  1.        ]])]
[array([[-0.98351688,  0.12403084, -0.13157092, -0.09608626],
       [ 0.17558139,  0.82893412, -0.53107381,  0.51479765],
       [ 0.04319409, -0.54542146, -0.83704821,  1.32517906],
       [ 0.        ,  0.        ,  0.        ,  1.        ]])]
[array([[-0.97687982,  0.08981059,  0.19400997, -0.12610198],
       [ 0.06881311,  0.99127838, -0.11239189,  0.51613082],
       [-0.20241187, -0.09644294, -0.97453999,  1.34017493],
       [ 0.        ,  0.        ,  0.        ,  1.        ]])]
[array([[-0.98930511,  0.14518699,  0.01400497, -0.15452365],
       [ 0.1355942 ,  0.95080734, -0.27853119,  0.52336992],
       [-0.05375513, -0.27365334, -0.96032507,  1.38400671],
       [ 0.        ,  0.        ,  0.        ,  1.        ]])]
[array([[-0.98155899,  0.16039568, -0.10399605, -0.17804681],
       [ 0.18880932,  0.8985136 , -0.39626298,  0.50861771],
       [ 0.02988299, -0.40859091, -0.9122283 ,  1.35372325],
       [ 0.        ,  0.        ,  0.        ,  1.        ]])]
[array([[-0.97894842,  0.10560916,  0.17466167, -0.2004859 ],
       [ 0.09242368,  0.99233773, -0.08199819,  0.47622442],
       [-0.18198312, -0.06412912, -0.98120823,  1.28998541],
       [ 0.        ,  0.        ,  0.        ,  1.        ]])]
[array([[-0.95455876,  0.1592939 ,  0.25187901, -0.26157372],
       [ 0.1154528 ,  0.97682557, -0.1802289 ,  0.4954307 ],
       [-0.27475122, -0.14295894, -0.95082833,  1.36250726],
       [ 0.        ,  0.        ,  0.        ,  1.        ]])]
[array([[-0.9750706 ,  0.18523268,  0.12217276, -0.30248617],
       [ 0.11639777,  0.8957319 , -0.42908731,  0.46569062],
       [-0.18891504, -0.40416979, -0.89496251,  1.27582773],
       [ 0.        ,  0.        ,  0.        ,  1.        ]])]
[array([[-0.92523197,  0.12216056,  0.35919715, -0.34525209],
       [ 0.03784092,  0.9717379 , -0.23300968,  0.46885782],
       [-0.37751008, -0.20199566, -0.90370565,  1.29114477],
       [ 0.        ,  0.        ,  0.        ,  1.        ]])]
[array([[-0.89912952,  0.23680325,  0.36809011, -0.38036128],
       [ 0.02300345,  0.86540263, -0.50054883,  0.47011477],
       [-0.43707773, -0.44159089, -0.78355634,  1.32093858],
       [ 0.        ,  0.        ,  0.        ,  1.        ]])]
[array([[-0.9646035 ,  0.13361359,  0.22734884, -0.43962176],
       [ 0.0835357 ,  0.97255794, -0.21714704,  0.46536156],
       [-0.25012371, -0.19046905, -0.9492943 ,  1.37391736],
       [ 0.        ,  0.        ,  0.        ,  1.        ]])]
[array([[-0.97933026,  0.16214185,  0.12092259, -0.47300769],
       [ 0.14196525,  0.97684331, -0.16007194,  0.46267853],
       [-0.14407678, -0.13959648, -0.97967071,  1.38565214],
       [ 0.        ,  0.        ,  0.        ,  1.        ]])]
[array([[-0.98956524,  0.14235438,  0.02226806, -0.48595643],
       [ 0.1338328 ,  0.96536316, -0.22397044,  0.45017739],
       [-0.05337994, -0.21865316, -0.97434151,  1.34081529],
       [ 0.        ,  0.        ,  0.        ,  1.        ]])]
[array([[-0.98829514,  0.15243515,  0.00601989, -0.52108062],
       [ 0.1481024 ,  0.9681722 , -0.2017629 ,  0.45476171],
       [-0.03658405, -0.19850973, -0.97941589,  1.32312939],
       [ 0.        ,  0.        ,  0.        ,  1.        ]])]
[array([[-0.98964571,  0.13622263,  0.04521903, -0.56416807],
       [ 0.12410021,  0.97038051, -0.20726989,  0.46580514],
       [-0.07211452, -0.19951207, -0.97723816,  1.34214714],
       [ 0.        ,  0.        ,  0.        ,  1.        ]])]
[array([[-0.9813153 ,  0.17214416,  0.08594574, -0.58278037],
       [ 0.15242884,  0.96813337, -0.19870385,  0.46024459],
       [-0.11741264, -0.18189052, -0.97628383,  1.33351736],
       [ 0.        ,  0.        ,  0.        ,  1.        ]])]
[array([[-0.73913699,  0.20495986,  0.64161357, -0.58772366],
       [-0.05907535,  0.92918008, -0.36487599,  0.45427745],
       [-0.67095947, -0.30759689, -0.67468329,  1.3039706 ],
       [ 0.        ,  0.        ,  0.        ,  1.        ]])]
[array([[-0.97623426,  0.20782128,  0.06145723, -0.62935726],
       [ 0.18366344,  0.94390648, -0.27442359,  0.48200292],
       [-0.11504094, -0.25661426, -0.95964301,  1.34096791],
       [ 0.        ,  0.        ,  0.        ,  1.        ]])]
[array([[-0.98767894,  0.15109714,  0.04074263, -0.58611682],
       [ 0.14044769,  0.97067484, -0.19510203,  0.45018697],
       [-0.0690272 , -0.18697596, -0.97993634,  1.20915124],
       [ 0.        ,  0.        ,  0.        ,  1.        ]])]
[array([[-0.98473827,  0.10959344,  0.13520289, -0.59339552],
       [ 0.08007548,  0.97503212, -0.20712383,  0.45927994],
       [-0.15452657, -0.19313632, -0.96892719,  1.20038476],
       [ 0.        ,  0.        ,  0.        ,  1.        ]])]
[array([[-0.98354477,  0.15626247,  0.09067372, -0.56583501],
       [ 0.1249171 ,  0.95078621, -0.28355124,  0.45290316],
       [-0.13051974, -0.26755864, -0.95466066,  1.16336363],
       [ 0.        ,  0.        ,  0.        ,  1.        ]])]
[array([[-0.97326034,  0.10611625,  0.20372444, -0.2854592 ],
       [ 0.06907834,  0.98105375, -0.181002  ,  0.41519416],
       [-0.21907188, -0.16208913, -0.96215104,  0.96301743],
       [ 0.        ,  0.        ,  0.        ,  1.        ]])]
[array([[ 1.05749748e-02,  9.67162110e-01,  2.53940195e-01,
        -1.95227807e+00],
       [ 9.98527300e-01,  3.30010674e-03, -5.41510934e-02,
         2.89181240e+00],
       [-5.32109155e-02,  2.54138863e-01, -9.65702872e-01,
         6.39494612e+00],
       [ 0.00000000e+00,  0.00000000e+00,  0.00000000e+00,
         1.00000000e+00]]), array([[-0.96201362,  0.17249265,  0.21160358, -0.27482507],
       [ 0.07586075,  0.91347826, -0.3997532 ,  0.40816038],
       [-0.26224976, -0.36851561, -0.89186395,  0.92181749],
       [ 0.        ,  0.        ,  0.        ,  1.        ]])]
[array([[-0.95730206,  0.13781216,  0.25412708, -0.26208781],
       [ 0.06799051,  0.96173201, -0.26542199,  0.40545299],
       [-0.28098052, -0.23681079, -0.93003795,  0.84057157],
       [ 0.        ,  0.        ,  0.        ,  1.        ]])]
[array([[-0.89571443,  0.13074935,  0.42497091, -0.23894897],
       [ 0.02840035,  0.97065841, -0.23877953,  0.37232376],
       [-0.44372186, -0.20180894, -0.87314607,  0.74857576],
       [ 0.        ,  0.        ,  0.        ,  1.        ]])]
[array([[-0.91724118,  0.18442267,  0.35306783, -0.23475548],
       [ 0.07996167,  0.9535714 , -0.29035792,  0.34706547],
       [-0.39022396, -0.23809635, -0.8894017 ,  0.70736883],
       [ 0.        ,  0.        ,  0.        ,  1.        ]])]
[array([[-0.92615827,  0.19949133,  0.32005322, -0.21377957],
       [ 0.10375994,  0.95067874, -0.29230774,  0.32639219],
       [-0.36258065, -0.23751453, -0.90117819,  0.68570728],
       [ 0.        ,  0.        ,  0.        ,  1.        ]])]
[array([[-0.95580351,  0.20502893,  0.21071968, -0.20142221],
       [ 0.14686533,  0.95384867, -0.26192229,  0.31994569],
       [-0.25469633, -0.21939883, -0.94180355,  0.68664428],
       [ 0.        ,  0.        ,  0.        ,  1.        ]])]
[array([[-0.96917642,  0.24477161,  0.02799864, -0.18626701],
       [ 0.21726558,  0.90273736, -0.37129629,  0.30925333],
       [-0.11615821, -0.35376847, -0.92809221,  0.6917089 ],
       [ 0.        ,  0.        ,  0.        ,  1.        ]])]
[array([[-0.95105904,  0.22950294,  0.2069181 , -0.17574804],
       [ 0.17413252,  0.95121899, -0.25467686,  0.30472815],
       [-0.25527351, -0.20618156, -0.94462935,  0.69990909],
       [ 0.        ,  0.        ,  0.        ,  1.        ]])]
[array([[-0.930856  ,  0.20870833,  0.29991324, -0.16465435],
       [ 0.1626708 ,  0.97169517, -0.17130883,  0.28917226],
       [-0.32717782, -0.11067672, -0.93845902,  0.68882229],
       [ 0.        ,  0.        ,  0.        ,  1.        ]])]
[array([[-0.95689587,  0.28748532,  0.04126126, -0.15901584],
       [ 0.21022772,  0.78364235, -0.58455878,  0.27376916],
       [-0.20038614, -0.55068762, -0.81030151,  0.67560741],
       [ 0.        ,  0.        ,  0.        ,  1.        ]])]
[array([[-0.9352028 ,  0.24745267,  0.25330396, -0.15500523],
       [ 0.22023731,  0.96659052, -0.13114226,  0.25119845],
       [-0.27729271, -0.06685762, -0.95845647,  0.69046554],
       [ 0.        ,  0.        ,  0.        ,  1.        ]])]
[array([[-0.91950229,  0.36447694,  0.14721446, -0.1820446 ],
       [ 0.27444696,  0.86338109, -0.42338157,  0.20357719],
       [-0.281415  , -0.34889777, -0.89391048,  0.67909585],
       [ 0.        ,  0.        ,  0.        ,  1.        ]])]
[array([[-0.92483945,  0.36618256, -0.10287044, -0.23573965],
       [ 0.37999259,  0.90136555, -0.20771562,  0.13629186],
       [ 0.01666203, -0.23119361, -0.97276508,  0.65605174],
       [ 0.        ,  0.        ,  0.        ,  1.        ]])]
[array([[-0.81101184, -0.58422579,  0.03065978, -0.56306495],
       [-0.06965377,  0.04439211, -0.99658301,  0.10953434],
       [ 0.58086845, -0.81037619, -0.07669606,  0.88104992],
       [ 0.        ,  0.        ,  0.        ,  1.        ]])]
[array([[-0.11936788, -0.29789374,  0.94710645, -0.92086132],
       [ 0.98890191, -0.12066007,  0.08668429,  0.0561011 ],
       [ 0.08845522,  0.94694269,  0.30899063,  1.81980025],
       [ 0.        ,  0.        ,  0.        ,  1.        ]])]
